Matrix Inverse

size      = 5x5 
maxnum    = 15 
Init	  = fast 
Initializing matrix...done 

Begin: Input Matrix:
  5.00  2.00  2.00  2.00  2.00
  2.00  5.00  2.00  2.00  2.00
  2.00  2.00  5.00  2.00  2.00
  2.00  2.00  2.00  5.00  2.00
  2.00  2.00  2.00  2.00  5.00


Begin: Inverse Matrix:
  1.00  0.00  0.00  0.00  0.00
  0.00  1.00  0.00  0.00  0.00
  0.00  0.00  1.00  0.00  0.00
  0.00  0.00  0.00  1.00  0.00
  0.00  0.00  0.00  0.00  1.00


Inversed Matrix:
  0.28 -0.05 -0.05 -0.05 -0.05
 -0.05  0.28 -0.05 -0.05 -0.05
 -0.05 -0.05  0.28 -0.05 -0.05
 -0.05 -0.05 -0.05  0.28 -0.05
 -0.05 -0.05 -0.05 -0.05  0.28


